1 ’ N

 

Cap.V1, DE CALENDARIO CHRISTIANO.· .'1.3.,3·

 

h—-v

Tabula Epaffiarum expansa.

rma-xz·-

Numeri Aurei„
131415161718191191111121131141151161171181191 112
Epfflae.

WWJWW

18

17
5 16

415

 

7
6

5114125
2 13 24
1³12 23
19 >κ111 11
18 19110 11 31 14
17 ³28 9 20 2 13
19 1 11
18 *³11
1729 10
16 18 9
15 17

14 26

19 * 11 22
15 4³15 16 7 18 1910111
11 311415 6 17118 91110
10.21 1 13 14 5 ³16. 27 8
9,10 1 11113 4³¹5 26 7
8119 * 11 ξ11 3³ 14 15 6
13³24³5
12 13 4
22 3

2-10 11 1
18 9 20 1
27 8 19 *
26 7 18 19
25 6 17 28
24 5 16 27

13
12
11

5 16 27³ 8

 

&1

 

:E

 

 

 

 

 

 

 

 

 

 

161 17 8
15 16 7
14³ 25 6
2 13 24 5

1 12 23 4
* 11³ 11 3

19110 11 1

7118 19 10111 2
22 3 14 25 6117 18 910 1
21 2 13 24 5¹ 16 27³ 8 19 *111
20 1 12 23³ 4115 26³ 7 18³29 10 21
19 * 11³22 3 14 25³ 6 17 28 9 20
13 29 10111 2 13 24³ ³5³16 27 8 19
17³28 9 20 1 12 23 4 15 26 7 18
16127 ε’ 19 * 11 22³ 3 14 25 6 17 ³28³ 9 1
7 18 19 1011111 13 24 516 27} 8 191 * 1123
6 17 18 9³20 1111113 4 15116 7 18 29 10 22
5 16 17 8³ 19 * 11 22 3 14 151 6 17 18189 21
4 ¹5 26 7 18 29 10' 21 2 13 24³ 5 1( 27

3 14 15 6 17 28 9 20 1³12 23 4 15³26³7

2 13 24 5 16 27 8³ 19 * 11 11 3 14 25³ 6³
1 11 23 4 15 26 7¹18 29 10 11 1 ¹3 1415
8119 * 11,2215114 15 6 17 18 9ῗ10 1 11 23 4
7 ³18 29 10 111 1 13 24 5³16 27 8119 * 11 22³3 15
6 17 28 9 20 1 11 13 4 15 161 7118119 10 21³ 2 14
5 16 27 19³ * 1122 3³ 14 15Ξ 6 17 1
4 15 16 7³¹ 19 10 11 1 *
5 14 25 61171181 9³20 1 12 23³ 4 15 161 7118 29
2 13 24 5116127 8³:9³ * 11 11 3 ¹4 25· 6³17 28
1 12 23 15 26 7³18129³10 21 2 15 14 5 16 17
wem-affl*-

, vR 3: Tabai&

23 4 15 26

 

 

 

 

 

 

 

13 25
12 14

 

 

 

 

14125
‚13³² 4
{12 23

11 22

10 21
9 20

 

 

QQ-QU

 

  

 

 

8
7
6
5
4
3
Ζ
1
119 *
29
28
27
26
25

28 9³20 13 24

13 141 5 ¹6 27³ 81 19

 

12
ΙΙ
10

23
11
2ss

 

 

 

”0‘00-,0 ffimff*'x*⁴3²³*0·-‘²“⁰’“=>WOUU-jnn0

 

 

 

 

 

 

9

